24.0000000000 44.0000000000 10.5000000000
30.0000000000 50.0000000000 21.0000000000
30.0000000000 50.0000000000 21.0000000000
24.0000000000 56.0000000000 10.5000000000
#

24.0000000000 44.0000000000 10.5000000000
42.0000000000 38.0000000000 0.0000000000
42.0000000000 62.0000000000 0.0000000000
24.0000000000 56.0000000000 10.5000000000
#

24.0000000000 44.0000000000 10.5000000000
18.0000000000 38.0000000000 0.0000000000
18.0000000000 62.0000000000 0.0000000000
24.0000000000 56.0000000000 10.5000000000
#

24.0000000000 44.0000000000 10.5000000000
30.0000000000 50.0000000000 21.0000000000
30.0000000000 50.0000000000 21.0000000000
24.0000000000 56.0000000000 10.5000000000
#

24.0000000000 44.0000000000 10.5000000000
30.0000000000 50.0000000000 21.0000000000
30.0000000000 50.0000000000 21.0000000000
24.0000000000 56.0000000000 10.5000000000
#

