27.0000000000 157.0000000000 10.5000000000
30.0000000000 160.0000000000 21.0000000000
30.0000000000 160.0000000000 21.0000000000
27.0000000000 163.0000000000 10.5000000000
#

27.0000000000 157.0000000000 10.5000000000
36.0000000000 154.0000000000 0.0000000000
36.0000000000 166.0000000000 0.0000000000
27.0000000000 163.0000000000 10.5000000000
#

27.0000000000 157.0000000000 10.5000000000
24.0000000000 154.0000000000 0.0000000000
24.0000000000 166.0000000000 0.0000000000
27.0000000000 163.0000000000 10.5000000000
#

27.0000000000 157.0000000000 10.5000000000
30.0000000000 160.0000000000 21.0000000000
30.0000000000 160.0000000000 21.0000000000
27.0000000000 163.0000000000 10.5000000000
#

27.0000000000 157.0000000000 10.5000000000
30.0000000000 160.0000000000 21.0000000000
30.0000000000 160.0000000000 21.0000000000
27.0000000000 163.0000000000 10.5000000000
#

