179.6302294997 175.7735038416 10.5000000000
180.0000000000 180.0000000000 21.0000000000
180.0000000000 180.0000000000 21.0000000000
175.7735038416 180.3697705003 10.5000000000
#

179.6302294997 175.7735038416 10.5000000000
188.4529923168 179.2604589994 0.0000000000
180.7395410006 188.4529923168 0.0000000000
175.7735038416 180.3697705003 10.5000000000
#

179.6302294997 175.7735038416 10.5000000000
179.2604589994 171.5470076832 0.0000000000
171.5470076832 180.7395410006 0.0000000000
175.7735038416 180.3697705003 10.5000000000
#

179.6302294997 175.7735038416 10.5000000000
180.0000000000 180.0000000000 21.0000000000
180.0000000000 180.0000000000 21.0000000000
175.7735038416 180.3697705003 10.5000000000
#

179.6302294997 175.7735038416 10.5000000000
180.0000000000 180.0000000000 21.0000000000
180.0000000000 180.0000000000 21.0000000000
175.7735038416 180.3697705003 10.5000000000
#

