17.0000000000 41.0000000000 29.5000000000
20.0000000000 50.0000000000 61.0000000000
20.0000000000 50.0000000000 61.0000000000
17.0000000000 59.0000000000 29.5000000000
#

17.0000000000 41.0000000000 29.5000000000
26.0000000000 32.0000000000 -2.0000000000
26.0000000000 68.0000000000 -2.0000000000
17.0000000000 59.0000000000 29.5000000000
#

17.0000000000 41.0000000000 29.5000000000
14.0000000000 32.0000000000 -2.0000000000
14.0000000000 68.0000000000 -2.0000000000
17.0000000000 59.0000000000 29.5000000000
#

17.0000000000 41.0000000000 29.5000000000
20.0000000000 50.0000000000 61.0000000000
20.0000000000 50.0000000000 61.0000000000
17.0000000000 59.0000000000 29.5000000000
#

17.0000000000 41.0000000000 29.5000000000
20.0000000000 50.0000000000 61.0000000000
20.0000000000 50.0000000000 61.0000000000
17.0000000000 59.0000000000 29.5000000000
#

