67.0000000000 37.0000000000 10.5000000000
70.0000000000 40.0000000000 21.0000000000
70.0000000000 40.0000000000 21.0000000000
67.0000000000 43.0000000000 10.5000000000
#

67.0000000000 37.0000000000 10.5000000000
76.0000000000 34.0000000000 0.0000000000
76.0000000000 46.0000000000 0.0000000000
67.0000000000 43.0000000000 10.5000000000
#

67.0000000000 37.0000000000 10.5000000000
64.0000000000 34.0000000000 0.0000000000
64.0000000000 46.0000000000 0.0000000000
67.0000000000 43.0000000000 10.5000000000
#

67.0000000000 37.0000000000 10.5000000000
70.0000000000 40.0000000000 21.0000000000
70.0000000000 40.0000000000 21.0000000000
67.0000000000 43.0000000000 10.5000000000
#

67.0000000000 37.0000000000 10.5000000000
70.0000000000 40.0000000000 21.0000000000
70.0000000000 40.0000000000 21.0000000000
67.0000000000 43.0000000000 10.5000000000
#

