141.1213203436 112.3933982822 20.5000000000
139.0000000000 123.0000000000 21.0000000000
139.0000000000 123.0000000000 21.0000000000
128.3933982822 125.1213203436 20.5000000000
#

141.1213203436 112.3933982822 20.5000000000
160.2132034356 118.7573593129 0.0000000000
134.7573593129 144.2132034356 0.0000000000
128.3933982822 125.1213203436 20.5000000000
#

141.1213203436 112.3933982822 20.5000000000
143.2426406871 101.7867965644 0.0000000000
117.7867965644 127.2426406871 0.0000000000
128.3933982822 125.1213203436 20.5000000000
#

141.1213203436 112.3933982822 20.5000000000
139.0000000000 123.0000000000 21.0000000000
139.0000000000 123.0000000000 21.0000000000
128.3933982822 125.1213203436 20.5000000000
#

141.1213203436 112.3933982822 20.5000000000
139.0000000000 123.0000000000 21.0000000000
139.0000000000 123.0000000000 21.0000000000
128.3933982822 125.1213203436 20.5000000000
#

