174.0000000000 186.0000000000 3.0000000000
172.0000000000 182.5358983849 4.0000000000
172.0000000000 182.5358983849 2.0000000000
174.0000000000 186.0000000000 2.0000000000
#

174.0000000000 186.0000000000 3.0000000000
176.0000000000 182.5358983849 4.0000000000
176.0000000000 182.5358983849 2.0000000000
174.0000000000 186.0000000000 2.0000000000
#

174.0000000000 186.0000000000 3.0000000000
178.0000000000 186.0000000000 2.0000000000
178.0000000000 186.0000000000 2.0000000000
174.0000000000 186.0000000000 2.0000000000
#

174.0000000000 186.0000000000 3.0000000000
176.0000000000 189.4641016151 4.0000000000
176.0000000000 189.4641016151 2.0000000000
174.0000000000 186.0000000000 2.0000000000
#

174.0000000000 186.0000000000 3.0000000000
172.0000000000 189.4641016151 4.0000000000
172.0000000000 189.4641016151 2.0000000000
174.0000000000 186.0000000000 2.0000000000
#

174.0000000000 186.0000000000 3.0000000000
170.0000000000 186.0000000000 4.0000000000
170.0000000000 186.0000000000 2.0000000000
174.0000000000 186.0000000000 2.0000000000
#

174.0000000000 186.0000000000 3.0000000000
172.0000000000 182.5358983849 4.0000000000
172.0000000000 182.5358983849 2.0000000000
174.0000000000 186.0000000000 2.0000000000
#

