14.0000000000 14.0000000000 3.0000000000
12.0000000000 10.5358983849 4.0000000000
12.0000000000 10.5358983849 2.0000000000
14.0000000000 14.0000000000 2.0000000000
#

14.0000000000 14.0000000000 3.0000000000
16.0000000000 10.5358983849 4.0000000000
16.0000000000 10.5358983849 2.0000000000
14.0000000000 14.0000000000 2.0000000000
#

14.0000000000 14.0000000000 3.0000000000
18.0000000000 14.0000000000 2.0000000000
18.0000000000 14.0000000000 2.0000000000
14.0000000000 14.0000000000 2.0000000000
#

14.0000000000 14.0000000000 3.0000000000
16.0000000000 17.4641016151 4.0000000000
16.0000000000 17.4641016151 2.0000000000
14.0000000000 14.0000000000 2.0000000000
#

14.0000000000 14.0000000000 3.0000000000
12.0000000000 17.4641016151 4.0000000000
12.0000000000 17.4641016151 2.0000000000
14.0000000000 14.0000000000 2.0000000000
#

14.0000000000 14.0000000000 3.0000000000
10.0000000000 14.0000000000 4.0000000000
10.0000000000 14.0000000000 2.0000000000
14.0000000000 14.0000000000 2.0000000000
#

14.0000000000 14.0000000000 3.0000000000
12.0000000000 10.5358983849 4.0000000000
12.0000000000 10.5358983849 2.0000000000
14.0000000000 14.0000000000 2.0000000000
#

