186.0000000000 174.0000000000 3.0000000000
184.0000000000 170.5358983849 4.0000000000
184.0000000000 170.5358983849 2.0000000000
186.0000000000 174.0000000000 2.0000000000
#

186.0000000000 174.0000000000 3.0000000000
188.0000000000 170.5358983849 4.0000000000
188.0000000000 170.5358983849 2.0000000000
186.0000000000 174.0000000000 2.0000000000
#

186.0000000000 174.0000000000 3.0000000000
190.0000000000 174.0000000000 2.0000000000
190.0000000000 174.0000000000 2.0000000000
186.0000000000 174.0000000000 2.0000000000
#

186.0000000000 174.0000000000 3.0000000000
188.0000000000 177.4641016151 4.0000000000
188.0000000000 177.4641016151 2.0000000000
186.0000000000 174.0000000000 2.0000000000
#

186.0000000000 174.0000000000 3.0000000000
184.0000000000 177.4641016151 4.0000000000
184.0000000000 177.4641016151 2.0000000000
186.0000000000 174.0000000000 2.0000000000
#

186.0000000000 174.0000000000 3.0000000000
182.0000000000 174.0000000000 4.0000000000
182.0000000000 174.0000000000 2.0000000000
186.0000000000 174.0000000000 2.0000000000
#

186.0000000000 174.0000000000 3.0000000000
184.0000000000 170.5358983849 4.0000000000
184.0000000000 170.5358983849 2.0000000000
186.0000000000 174.0000000000 2.0000000000
#

