19.0000000000 84.4115427319 15.5000000000
34.5884572681 93.4115427319 31.0000000000
16.5884572681 124.5884572681 31.0000000000
1.0000000000 115.5884572681 15.5000000000
#

19.0000000000 84.4115427319 15.5000000000
34.5884572681 93.4115427319 0.0000000000
16.5884572681 124.5884572681 0.0000000000
1.0000000000 115.5884572681 15.5000000000
#

19.0000000000 84.4115427319 15.5000000000
3.4115427319 75.4115427319 0.0000000000
-14.5884572681 106.5884572681 0.0000000000
1.0000000000 115.5884572681 15.5000000000
#

19.0000000000 84.4115427319 15.5000000000
3.4115427319 75.4115427319 31.0000000000
-14.5884572681 106.5884572681 31.0000000000
1.0000000000 115.5884572681 15.5000000000
#

19.0000000000 84.4115427319 15.5000000000
34.5884572681 93.4115427319 31.0000000000
16.5884572681 124.5884572681 31.0000000000
1.0000000000 115.5884572681 15.5000000000
#

