109.0000000000 84.4115427319 15.5000000000
124.5884572681 93.4115427319 31.0000000000
106.5884572681 124.5884572681 31.0000000000
91.0000000000 115.5884572681 15.5000000000
#

109.0000000000 84.4115427319 15.5000000000
124.5884572681 93.4115427319 0.0000000000
106.5884572681 124.5884572681 0.0000000000
91.0000000000 115.5884572681 15.5000000000
#

109.0000000000 84.4115427319 15.5000000000
93.4115427319 75.4115427319 0.0000000000
75.4115427319 106.5884572681 0.0000000000
91.0000000000 115.5884572681 15.5000000000
#

109.0000000000 84.4115427319 15.5000000000
93.4115427319 75.4115427319 31.0000000000
75.4115427319 106.5884572681 31.0000000000
91.0000000000 115.5884572681 15.5000000000
#

109.0000000000 84.4115427319 15.5000000000
124.5884572681 93.4115427319 31.0000000000
106.5884572681 124.5884572681 31.0000000000
91.0000000000 115.5884572681 15.5000000000
#

