184.6930339512 30.3693497821 25.5000000000
214.3236841691 35.0623837334 51.0000000000
204.9376162666 94.3236841691 51.0000000000
175.3069660488 89.6306502179 25.5000000000
#

184.6930339512 30.3693497821 25.5000000000
214.3236841691 35.0623837334 0.0000000000
204.9376162666 94.3236841691 0.0000000000
175.3069660488 89.6306502179 25.5000000000
#

184.6930339512 30.3693497821 25.5000000000
155.0623837334 25.6763158309 0.0000000000
145.6763158309 84.9376162666 0.0000000000
175.3069660488 89.6306502179 25.5000000000
#

184.6930339512 30.3693497821 25.5000000000
155.0623837334 25.6763158309 51.0000000000
145.6763158309 84.9376162666 51.0000000000
175.3069660488 89.6306502179 25.5000000000
#

184.6930339512 30.3693497821 25.5000000000
214.3236841691 35.0623837334 51.0000000000
204.9376162666 94.3236841691 51.0000000000
175.3069660488 89.6306502179 25.5000000000
#

