90.0000000000 124.0000000000 5.5000000000
96.0000000000 124.0000000000 11.0000000000
96.0000000000 136.0000000000 11.0000000000
90.0000000000 136.0000000000 5.5000000000
#

90.0000000000 124.0000000000 5.5000000000
96.0000000000 124.0000000000 0.0000000000
96.0000000000 136.0000000000 0.0000000000
90.0000000000 136.0000000000 5.5000000000
#

90.0000000000 124.0000000000 5.5000000000
84.0000000000 124.0000000000 0.0000000000
84.0000000000 136.0000000000 0.0000000000
90.0000000000 136.0000000000 5.5000000000
#

90.0000000000 124.0000000000 5.5000000000
84.0000000000 124.0000000000 11.0000000000
84.0000000000 136.0000000000 11.0000000000
90.0000000000 136.0000000000 5.5000000000
#

90.0000000000 124.0000000000 5.5000000000
96.0000000000 124.0000000000 11.0000000000
96.0000000000 136.0000000000 11.0000000000
90.0000000000 136.0000000000 5.5000000000
#

