100.0000000000 40.0000000000 10.5000000000
160.0000000000 40.0000000000 21.0000000000
160.0000000000 160.0000000000 21.0000000000
100.0000000000 160.0000000000 10.5000000000
#

100.0000000000 40.0000000000 10.5000000000
160.0000000000 40.0000000000 0.0000000000
160.0000000000 160.0000000000 0.0000000000
100.0000000000 160.0000000000 10.5000000000
#

100.0000000000 40.0000000000 10.5000000000
40.0000000000 40.0000000000 0.0000000000
40.0000000000 160.0000000000 0.0000000000
100.0000000000 160.0000000000 10.5000000000
#

100.0000000000 40.0000000000 10.5000000000
40.0000000000 40.0000000000 21.0000000000
40.0000000000 160.0000000000 21.0000000000
100.0000000000 160.0000000000 10.5000000000
#

100.0000000000 40.0000000000 10.5000000000
160.0000000000 40.0000000000 21.0000000000
160.0000000000 160.0000000000 21.0000000000
100.0000000000 160.0000000000 10.5000000000
#

