53.0000000000 44.8038475773 5.5000000000
58.1961524227 47.8038475773 11.0000000000
52.1961524227 58.1961524227 11.0000000000
47.0000000000 55.1961524227 5.5000000000
#

53.0000000000 44.8038475773 5.5000000000
58.1961524227 47.8038475773 0.0000000000
52.1961524227 58.1961524227 0.0000000000
47.0000000000 55.1961524227 5.5000000000
#

53.0000000000 44.8038475773 5.5000000000
47.8038475773 41.8038475773 0.0000000000
41.8038475773 52.1961524227 0.0000000000
47.0000000000 55.1961524227 5.5000000000
#

53.0000000000 44.8038475773 5.5000000000
47.8038475773 41.8038475773 11.0000000000
41.8038475773 52.1961524227 11.0000000000
47.0000000000 55.1961524227 5.5000000000
#

53.0000000000 44.8038475773 5.5000000000
58.1961524227 47.8038475773 11.0000000000
52.1961524227 58.1961524227 11.0000000000
47.0000000000 55.1961524227 5.5000000000
#

