30.0000000000 94.0000000000 5.5000000000
36.0000000000 94.0000000000 11.0000000000
36.0000000000 106.0000000000 11.0000000000
30.0000000000 106.0000000000 5.5000000000
#

30.0000000000 94.0000000000 5.5000000000
36.0000000000 94.0000000000 0.0000000000
36.0000000000 106.0000000000 0.0000000000
30.0000000000 106.0000000000 5.5000000000
#

30.0000000000 94.0000000000 5.5000000000
24.0000000000 94.0000000000 0.0000000000
24.0000000000 106.0000000000 0.0000000000
30.0000000000 106.0000000000 5.5000000000
#

30.0000000000 94.0000000000 5.5000000000
24.0000000000 94.0000000000 11.0000000000
24.0000000000 106.0000000000 11.0000000000
30.0000000000 106.0000000000 5.5000000000
#

30.0000000000 94.0000000000 5.5000000000
36.0000000000 94.0000000000 11.0000000000
36.0000000000 106.0000000000 11.0000000000
30.0000000000 106.0000000000 5.5000000000
#

