76.0000000000 52.0000000000 20.5000000000
100.0000000000 52.0000000000 41.0000000000
100.0000000000 148.0000000000 41.0000000000
76.0000000000 148.0000000000 20.5000000000
#

76.0000000000 52.0000000000 20.5000000000
148.0000000000 52.0000000000 0.0000000000
148.0000000000 148.0000000000 0.0000000000
76.0000000000 148.0000000000 20.5000000000
#

76.0000000000 52.0000000000 20.5000000000
52.0000000000 52.0000000000 0.0000000000
52.0000000000 148.0000000000 0.0000000000
76.0000000000 148.0000000000 20.5000000000
#

76.0000000000 52.0000000000 20.5000000000
100.0000000000 52.0000000000 41.0000000000
100.0000000000 148.0000000000 41.0000000000
76.0000000000 148.0000000000 20.5000000000
#

76.0000000000 52.0000000000 20.5000000000
100.0000000000 52.0000000000 41.0000000000
100.0000000000 148.0000000000 41.0000000000
76.0000000000 148.0000000000 20.5000000000
#

