62.0000000000 4.0000000000 10.5000000000
65.0000000000 4.0000000000 21.0000000000
65.0000000000 16.0000000000 21.0000000000
62.0000000000 16.0000000000 10.5000000000
#

62.0000000000 4.0000000000 10.5000000000
71.0000000000 4.0000000000 0.0000000000
71.0000000000 16.0000000000 0.0000000000
62.0000000000 16.0000000000 10.5000000000
#

62.0000000000 4.0000000000 10.5000000000
59.0000000000 4.0000000000 0.0000000000
59.0000000000 16.0000000000 0.0000000000
62.0000000000 16.0000000000 10.5000000000
#

62.0000000000 4.0000000000 10.5000000000
65.0000000000 4.0000000000 21.0000000000
65.0000000000 16.0000000000 21.0000000000
62.0000000000 16.0000000000 10.5000000000
#

62.0000000000 4.0000000000 10.5000000000
65.0000000000 4.0000000000 21.0000000000
65.0000000000 16.0000000000 21.0000000000
62.0000000000 16.0000000000 10.5000000000
#

