181.5585923288 13.4753705122 10.5000000000
183.8567256581 15.4037333413 21.0000000000
176.1432743419 24.5962666587 21.0000000000
173.8451410125 22.6679038297 10.5000000000
#

181.5585923288 13.4753705122 10.5000000000
188.4529923168 19.2604589994 0.0000000000
180.7395410006 28.4529923168 0.0000000000
173.8451410125 22.6679038297 10.5000000000
#

181.5585923288 13.4753705122 10.5000000000
179.2604589994 11.5470076832 0.0000000000
171.5470076832 20.7395410006 0.0000000000
173.8451410125 22.6679038297 10.5000000000
#

181.5585923288 13.4753705122 10.5000000000
183.8567256581 15.4037333413 21.0000000000
176.1432743419 24.5962666587 21.0000000000
173.8451410125 22.6679038297 10.5000000000
#

181.5585923288 13.4753705122 10.5000000000
183.8567256581 15.4037333413 21.0000000000
176.1432743419 24.5962666587 21.0000000000
173.8451410125 22.6679038297 10.5000000000
#

